x	vref	v	p	omega
0.0000 0.00000 0.0000000 0.077455 -5.46217
0.0312 -0.21388 -0.2279225 0.078837 -8.44350
0.0391 -0.27669 -0.2936869 0.078685 -8.24616
0.0469 -0.33714 -0.3553213 0.078148 -7.58524
0.0547 -0.39188 -0.4103754 0.077154 -6.50867
0.0937 -0.51550 -0.5264392 0.065816 0.92291
0.1406 -0.42665 -0.4264545 0.049029 3.43016
0.1953 -0.31966 -0.3202137 0.034552 2.21171
0.5000 0.02526 0.0257995 0.000000 2.06722
0.7656 0.32235 0.3253592 0.044848 2.06122
0.7734 0.33075 0.3339924 0.047260 2.00174
0.8437 0.37095 0.3769189 0.069511 0.74207
0.9062 0.32627 0.3330442 0.084386 -0.82398
0.9219 0.30353 0.3099097 0.086716 -1.23991
0.9297 0.29012 0.2962703 0.087653 -1.50306
0.9375 0.27485 0.2807056 0.088445 -1.83308
1.0000 0.00000 0.0000000 0.090477 -7.66369
